Id;
9166454;
10454944;
12648744;
17696988;
19676031;
28877095;
36175307;
37023675;
43845868;
44673157;
45154002;
49088137;
50231292;
50390508;
50952050;
52246045;
52482983;
53362098;
53634157;
56012911;
56765869;
56877508;
58213490;
59477024;
60904324;
64004147;
64231904;
64669608;
66171465;
67446082;
68309021;
69425869;
69470349;
75299664;
76411897;
78543018;
79445909;
81413470;
82390814;
85219118;
87166136;
87897322;
90952931;
91303295;
94185623;
99630136;
102945985;
102987162;
104127056;
104656598;
106976670;
114964907;
117142152;
120397921;
121532091;
122774772;
133865228;
134233031;
135581059;
136540096;
136998682;
139485324;
145661582;
147361722;
150339919;
151303603;
161987696;
164285180;
171215417;
177123098;
182177744;
185935693;
186679750;
189015623;
189257334;
189886888;
211354228;
216953513;
217459196;
217870880;
221094530;
225812577;
232398845;
237030840;
242100823;
247405142;
251797989;
253048953;
275118551;
276961503;
310435338;
325120231;
341726860;
346528503;
360668573;
374868070;
452607169;
486749966;
490925877;