9166454;
10454944;
17696988;
36175307;
37023675;
43845868;
44673157;
45154002;
50390508;
50952050;
52246045;
52482983;
53362098;
53634157;
56012911;
56877508;
58213490;
59477024;
64004147;
64231904;
64669608;
66171465;
67446082;
68309021;
69425869;
69470349;
75299664;
76411897;
78543018;
79445909;
81413470;
82390814;
85219118;
87166136;
87897322;
90952931;
91303295;
102945985;
102987162;
104127056;
104656598;
106976670;
114964907;
117142152;
120397921;
121532091;
122774772;
135581059;
136540096;
136998682;
139485324;
145661582;
147361722;
161987696;
164285180;
171215417;
177123098;
182177744;
186679750;
189015623;
189886888;
216953513;
217459196;
221094530;
225812577;
232398845;
242100823;
247405142;
251797989;
253048953;
276961503;
360668573;
374868070;
486749966;
490925877;
